{
  "DISTANCES": [
    [
      0, 1673, 162, 1066, 989, 202, 2726, 811, 1110, 285, 276, 299, 343, 812,
      394, 678, 740, 437, 409, 1734
    ],
    [
      1673, 0, 1808, 608, 686, 1873, 1062, 865, 565, 1956, 1946, 1958, 1994,
      862, 2063, 1019, 942, 2106, 2063, 60
    ],
    [
      162, 1808, 0, 1201, 1123, 89, 2866, 952, 1249, 160, 147, 150, 188, 952,
      257, 830, 886, 299, 256, 1869
    ],
    [
      1066, 608, 1201, 0, 78, 1266, 1666, 265, 73, 1349, 1339, 1351, 1387, 259,
      1455, 433, 348, 1498, 1456, 668
    ],
    [
      989, 686, 1123, 78, 0, 1188, 1744, 191, 136, 1271, 1260, 1273, 1309, 183,
      1377, 363, 276, 1420, 1378, 746
    ],
    [
      202, 1873, 89, 1266, 1188, 0, 2928, 1012, 1311, 83, 73, 105, 153, 1013,
      191, 881, 943, 235, 213, 1934
    ],
    [
      2726, 1062, 2866, 1666, 1744, 2928, 0, 1915, 1617, 3011, 3001, 3016, 3053,
      1915, 3118, 2057, 1987, 3162, 3121, 1002
    ],
    [
      811, 865, 952, 265, 191, 1012, 1915, 0, 300, 1095, 1086, 1101, 1140, 19,
      1203, 174, 86, 1246, 1209, 925
    ],
    [
      1110, 565, 1249, 73, 136, 1311, 1617, 300, 0, 1394, 1384, 1398, 1436, 298,
      1501, 456, 377, 1544, 1504, 626
    ],
    [
      285, 1956, 160, 1349, 1271, 83, 3011, 1095, 1394, 0, 14, 60, 100, 1096,
      109, 963, 1026, 153, 145, 966
    ],
    [
      276, 1946, 147, 1339, 1260, 73, 3001, 1086, 1384, 14, 0, 53, 97, 1086,
      118, 954, 1016, 161, 147, 2006
    ],
    [
      299, 1958, 150, 1351, 1273, 105, 3016, 1101, 1398, 60, 53, 0, 48, 1101,
      111, 976, 1035, 151, 111, 2019
    ],
    [
      343, 1994, 188, 188, 1387, 153, 3053, 1140, 1436, 100, 97, 48, 0, 1139,
      99, 1017, 1074, 129, 69, 2055
    ],
    [
      812, 862, 952, 259, 183, 1013, 1915, 19, 298, 1096, 1086, 1101, 1139, 0,
      1203, 186, 98, 1247, 1208, 922
    ],
    [
      394, 2063, 257, 1455, 1377, 191, 3118, 1203, 1501, 109, 118, 111, 99,
      1203, 0, 1072, 1134, 44, 77, 2123
    ],
    [
      678, 1019, 830, 433, 363, 881, 2057, 174, 456, 963, 954, 976, 1017, 186,
      1072, 0, 88, 1116, 1085, 1078
    ],
    [
      740, 942, 886, 348, 276, 943, 1987, 86, 377, 1026, 1016, 1035, 1074, 98,
      1134, 88, 0, 1177, 1143, 1002
    ],
    [
      437, 2106, 299, 1498, 1420, 235, 3162, 1246, 1544, 153, 161, 151, 129,
      1247, 44, 1116, 1177, 0, 82, 2166
    ],
    [
      409, 2063, 256, 1456, 1456, 1378, 3121, 1209, 1504, 145, 147, 111, 69,
      1208, 77, 1085, 1143, 82, 0, 2123
    ],
    [
      1734, 60, 1869, 668, 746, 1934, 1002, 925, 626, 2017, 2006, 2019, 2055,
      922, 2123, 1078, 1002, 2166, 2123, 0
    ]
  ],
  "CITY_NAMES": [
    "chaiten",
    "la junta",
    "lago verde",
    "santiago",
    "rancagua",
    "pto. cisnes",
    "arica",
    "villa alegre (aracaucanía)",
    "villa alemana",
    "pto chacabuco",
    "pto. aisén",
    "coyhaique",
    "balmaceda (aisén)",
    "pto. ingeniero ibañez",
    "bahía murta",
    "concepción",
    "el maiten (rm)",
    "pto guadal",
    "chile chico",
    "atacama"
  ]
}
